1 0.715625 0.802778 0.101042 0.261111
3 0.119271 0.815741 0.237500 0.194444
3 0.602865 0.590278 0.030729 0.084259
3 0.282031 0.581944 0.040104 0.039815
2 0.169531 0.575463 0.091146 0.073148
2 0.819531 0.578704 0.084896 0.083333
2 0.753646 0.561574 0.041667 0.065741
2 0.670573 0.568519 0.048438 0.059259
2 0.642969 0.562963 0.036979 0.053704
0 0.712760 0.579167 0.070312 0.163889
0 0.107552 0.638426 0.071354 0.206481
0 0.048958 0.685648 0.070833 0.202778
9 0.873698 0.440741 0.064062 0.072222
5 0.958854 0.549074 0.082292 0.151852
0 0.334115 0.582870 0.027604 0.102778
