0 0.050781 0.689815 0.076563 0.216667
0 0.107292 0.650926 0.063542 0.248148
0 0.844531 0.612500 0.140104 0.349074
2 0.694010 0.579167 0.063021 0.078704
2 0.753125 0.575926 0.056250 0.068519
2 0.611198 0.566204 0.029687 0.043519
3 0.647656 0.618056 0.042188 0.075000
3 0.131510 0.829630 0.235937 0.187037
1 0.559635 0.612963 0.023438 0.068519
1 0.848958 0.872685 0.169792 0.252778
9 0.390365 0.449074 0.023438 0.094444
9 0.416927 0.460648 0.023438 0.062037
0 0.341146 0.586111 0.020833 0.098148
2 0.170833 0.585185 0.085417 0.074074
5 0.959115 0.545370 0.081771 0.148148
9 0.885156 0.446296 0.084896 0.074074
