3 0.141406 0.848611 0.218229 0.175000
0 0.059115 0.743056 0.061979 0.297222
0 0.118229 0.687500 0.071875 0.245370
0 0.611458 0.567593 0.032292 0.062963
0 0.388802 0.584259 0.021354 0.059259
9 0.397917 0.467130 0.033333 0.100926
9 0.422656 0.481481 0.023438 0.079630
9 0.882031 0.454167 0.076563 0.080556
5 0.970052 0.565741 0.059896 0.190741
2 0.777865 0.599537 0.095312 0.110185
2 0.836979 0.582870 0.075000 0.082407
2 0.704948 0.593519 0.065104 0.083333
2 0.630990 0.581019 0.023438 0.028704
2 0.175260 0.589352 0.083854 0.067593
1 0.610677 0.634259 0.032813 0.077778
