2 0.190885 0.612500 0.082812 0.069444
2 0.855729 0.631019 0.080208 0.099074
2 0.928646 0.608333 0.045833 0.044444
2 0.782292 0.622222 0.048958 0.064815
2 0.743490 0.606944 0.035937 0.039815
2 0.650000 0.618981 0.047917 0.054630
3 0.140104 0.873148 0.231250 0.201852
3 0.577865 0.690741 0.043229 0.124074
3 0.695573 0.630556 0.030729 0.038889
3 0.545312 0.636111 0.019792 0.042593
0 0.072917 0.759722 0.071875 0.295370
0 0.129948 0.725463 0.100521 0.276852
0 0.330469 0.614815 0.019271 0.057407
0 0.358594 0.621759 0.018229 0.063889
0 0.386198 0.631481 0.026562 0.094444
0 0.575521 0.602778 0.031250 0.070370
9 0.405729 0.488426 0.021875 0.076852
9 0.427604 0.497222 0.013542 0.053704
9 0.892188 0.485185 0.056250 0.072222
5 0.979427 0.592130 0.041146 0.130556
