0 0.382552 0.600000 0.016146 0.062963
0 0.058594 0.748611 0.079687 0.291667
0 0.104427 0.690278 0.069271 0.278704
0 0.655729 0.582870 0.031250 0.078704
3 0.145833 0.854630 0.273958 0.172222
1 0.658333 0.677315 0.047917 0.086111
9 0.391927 0.481481 0.036979 0.129630
9 0.421354 0.494444 0.018750 0.055556
9 0.879427 0.475463 0.071354 0.102778
5 0.970052 0.583796 0.059896 0.160185
2 0.859896 0.611111 0.138542 0.133333
2 0.755729 0.612037 0.087500 0.081481
2 0.701302 0.600926 0.048438 0.053704
2 0.630208 0.594444 0.030208 0.040741
2 0.177344 0.593981 0.100521 0.093519
