3 0.127083 0.818981 0.222917 0.171296
3 0.936719 0.771759 0.126562 0.215741
0 0.650781 0.562500 0.064062 0.143519
0 0.969531 0.587500 0.060937 0.184259
0 0.040104 0.658796 0.053125 0.184259
0 0.094792 0.627315 0.058333 0.236111
1 0.652865 0.722222 0.065104 0.196296
9 0.384375 0.440278 0.021875 0.087963
9 0.408854 0.438889 0.025000 0.074074
0 0.329427 0.571759 0.016146 0.097222
3 0.566927 0.578704 0.027604 0.048148
2 0.809375 0.565278 0.080208 0.099074
2 0.745313 0.562037 0.052083 0.059259
2 0.694271 0.552778 0.038542 0.062963
2 0.599219 0.557870 0.025521 0.045370
2 0.162500 0.565741 0.087500 0.059259
3 0.279427 0.573148 0.043229 0.031481
9 0.863281 0.437500 0.065104 0.097222
5 0.957292 0.526389 0.085417 0.117593
