3 0.540625 0.643981 0.031250 0.086111
3 0.129688 0.856019 0.223958 0.197222
1 0.769271 0.774074 0.056250 0.170370
0 0.769010 0.643981 0.050521 0.197222
0 0.353646 0.614815 0.021875 0.070370
0 0.329167 0.616667 0.013542 0.055556
0 0.377865 0.624537 0.016146 0.082407
0 0.075000 0.777315 0.050000 0.300926
0 0.111979 0.693981 0.063542 0.260185
2 0.187240 0.616667 0.105729 0.075926
2 0.657031 0.620370 0.054688 0.074074
2 0.717187 0.597685 0.051042 0.075000
2 0.894792 0.644444 0.128125 0.127778
2 0.827865 0.613889 0.050521 0.070370
5 0.973698 0.602778 0.052604 0.172222
9 0.889323 0.491667 0.061979 0.070370
9 0.397396 0.487963 0.027083 0.098148
9 0.424740 0.500000 0.016146 0.066667
3 0.612500 0.627778 0.042708 0.053704
