9 0.902865 0.490741 0.077604 0.064815
9 0.404948 0.475926 0.026562 0.118519
9 0.435937 0.506944 0.025000 0.097222
3 0.141146 0.859259 0.231250 0.190741
3 0.601302 0.721296 0.058854 0.155556
0 0.072135 0.757870 0.068229 0.286111
0 0.121094 0.697685 0.050521 0.269444
0 0.355729 0.615278 0.017708 0.065741
0 0.380208 0.616667 0.019792 0.062963
0 0.551823 0.594907 0.020313 0.041667
0 0.595052 0.607407 0.039062 0.081481
2 0.857552 0.618519 0.081771 0.098148
2 0.788802 0.618981 0.054688 0.076852
2 0.655729 0.604630 0.039583 0.053704
2 0.195573 0.607870 0.071354 0.078704
