9 0.887500 0.489352 0.081250 0.076852
9 0.396615 0.479167 0.024479 0.113889
9 0.422917 0.507407 0.020833 0.088889
2 0.957552 0.655093 0.084896 0.152778
2 0.837500 0.634722 0.104167 0.112037
2 0.769010 0.612500 0.048438 0.067593
2 0.638542 0.611574 0.045833 0.045370
2 0.182812 0.612963 0.098958 0.077778
0 0.024219 0.669444 0.047396 0.212963
0 0.065365 0.764815 0.072396 0.296296
0 0.114844 0.696296 0.078646 0.268519
0 0.382031 0.615741 0.020313 0.059259
0 0.355208 0.612037 0.021875 0.057407
0 0.329688 0.609722 0.017708 0.058333
0 0.720313 0.611111 0.038542 0.120370
1 0.723437 0.731019 0.068750 0.149074
3 0.126562 0.860648 0.237500 0.178704
3 0.532292 0.635648 0.022917 0.071296
