2 0.174219 0.584722 0.091146 0.073148
2 0.625781 0.572222 0.036979 0.059259
2 0.683854 0.579167 0.055208 0.076852
2 0.746354 0.586111 0.078125 0.098148
2 0.822135 0.569444 0.066146 0.068519
5 0.969792 0.551852 0.060417 0.124074
9 0.889323 0.455556 0.074479 0.090741
9 0.396354 0.453241 0.021875 0.093519
9 0.418490 0.483796 0.019271 0.093519
0 0.054167 0.730093 0.088542 0.271296
0 0.111979 0.664352 0.076042 0.273148
0 0.590625 0.561574 0.019792 0.054630
0 0.847917 0.573148 0.033333 0.068519
1 0.588542 0.626389 0.027083 0.052778
3 0.843750 0.662037 0.094792 0.142593
3 0.135937 0.832407 0.228125 0.196296
