2 0.175521 0.604167 0.088542 0.076852
2 0.925000 0.644907 0.145833 0.141667
2 0.791667 0.624074 0.097917 0.105556
2 0.838281 0.608796 0.054688 0.073148
2 0.712500 0.602315 0.040625 0.058333
2 0.640104 0.605093 0.033333 0.052778
3 0.519531 0.624074 0.022396 0.055556
3 0.137500 0.870833 0.221875 0.193519
1 0.689323 0.715741 0.046354 0.109259
0 0.684635 0.601852 0.033854 0.109259
0 0.383333 0.608796 0.014583 0.062037
0 0.057292 0.747222 0.065625 0.301852
0 0.103646 0.692593 0.069792 0.283333
9 0.392708 0.480093 0.022917 0.095370
9 0.421875 0.497685 0.021875 0.095370
9 0.880729 0.472222 0.063542 0.079630
5 0.970573 0.568519 0.058854 0.129630
