1 0.945573 0.889815 0.108854 0.194444
0 0.956250 0.651852 0.087500 0.237037
0 0.563281 0.612500 0.022396 0.050926
0 0.034115 0.685648 0.053646 0.219444
0 0.066927 0.763889 0.068229 0.294444
0 0.123958 0.709722 0.095833 0.299074
0 0.328646 0.613889 0.016667 0.051852
0 0.357031 0.621296 0.019271 0.059259
0 0.379688 0.621759 0.017708 0.091667
9 0.402865 0.496296 0.021354 0.075926
9 0.426823 0.501389 0.019271 0.067593
9 0.889062 0.500463 0.068750 0.073148
3 0.134635 0.874074 0.236979 0.164815
3 0.563021 0.680556 0.030208 0.075926
3 0.660156 0.638889 0.030729 0.038889
2 0.844792 0.622685 0.083333 0.097222
2 0.785156 0.629630 0.055729 0.075926
2 0.732031 0.608333 0.051562 0.068519
2 0.184896 0.622685 0.085417 0.075000
