0 0.062760 0.725463 0.076563 0.278704
0 0.105469 0.663426 0.055729 0.258333
0 0.343750 0.587963 0.025000 0.088889
5 0.966667 0.556944 0.066667 0.147222
9 0.879427 0.453241 0.057813 0.063889
9 0.385677 0.447685 0.032813 0.119444
9 0.419531 0.486574 0.019271 0.099074
2 0.178385 0.586574 0.092188 0.084259
1 0.570833 0.620833 0.021875 0.065741
2 0.619792 0.575463 0.032292 0.067593
2 0.665365 0.580556 0.049479 0.066667
2 0.764323 0.576852 0.047396 0.066667
2 0.822917 0.583333 0.078125 0.101852
3 0.135417 0.845833 0.235417 0.226852
3 0.721875 0.642593 0.056250 0.079630
