3 0.634375 0.627315 0.030208 0.036111
3 0.550521 0.662500 0.030208 0.067593
3 0.130729 0.875926 0.233333 0.172222
0 0.024479 0.681944 0.047917 0.237963
0 0.068750 0.764815 0.065625 0.287037
0 0.111719 0.689352 0.052604 0.237963
0 0.847396 0.650000 0.084375 0.214815
0 0.549219 0.603704 0.025521 0.061111
0 0.355990 0.619444 0.018229 0.066667
0 0.328646 0.617130 0.019792 0.058333
0 0.386198 0.625000 0.022396 0.081481
9 0.400521 0.496759 0.034375 0.108333
9 0.428385 0.502778 0.018229 0.062963
9 0.882552 0.491204 0.079687 0.063889
2 0.945052 0.663889 0.109896 0.205556
2 0.776563 0.622685 0.048958 0.069444
2 0.729688 0.613889 0.052083 0.048148
2 0.653125 0.615741 0.032292 0.044444
2 0.183073 0.617593 0.101562 0.072222
1 0.853646 0.824074 0.088542 0.170370
